320.529999
317.250000
314.619995
316.579987
336.410004
333.690002
334.799988
337.950012
336.220001
340.059998
347.160004
344.570007
350.019989
351.559998
352.790009
345.890015
337.640015
342.850006
349.529999
345.820007
354.309998
349.250000
343.750000
333.130005
333.970001
345.000000
315.230011
310.420013
315.730011
323.660004
322.309998
334.070007
335.489990
334.769989
333.299988
346.170013
352.049988
357.420013
350.989990
343.059998
330.929993
335.119995
333.350006
328.200012
332.299988
329.100006
327.170013
345.510010
341.839996
326.630005
325.600006
321.350006
313.559998
310.549988
316.529999
309.100006
301.540009
304.179993
279.179993
257.779999
266.130005
252.479996
267.529999
286.940002
305.720001
299.299988
289.660004
304.700012
300.929993
294.079987
300.339996
291.209991
287.690002
293.350006
300.079987
290.239990
283.369995
283.459991
280.690002
285.480011
294.079987
293.899994
299.920013
301.149994
284.450012
294.089996
302.769989
301.970001
306.850006
305.019989
301.059998
291.970001
284.179993
286.480011
284.540009
276.820007
284.489990
275.010010
279.070007
277.850006
278.850006
283.760010
291.720001
284.730011
291.820007
296.739990
291.130005
319.500000
316.089996
317.660004
332.100006
342.769989
344.779999
357.720001
358.170013
370.829987
352.549988
362.220001
347.510010
333.630005
333.010010
342.000000
344.500000
349.929993
342.950012
335.070007
310.859985
309.160004
308.899994
318.510010
322.470001
318.959991
316.709991
318.869995
310.100006
322.690002
323.850006
320.230011
313.579987
303.200012
297.429993
308.739990
306.649994
297.179993
290.170013
298.140015
300.839996
349.540009
348.170013
341.989990
379.570007
370.339996
352.450012
355.489990
356.410004
347.640015
338.690002
335.450012
305.500000
308.440002
321.899994
321.640015
320.100006
322.820007
319.269989
311.859985
305.010010
303.149994
301.660004
288.950012
280.739990
280.950012
263.239990
285.500000
279.440002
290.540009
289.459991
295.200012
294.839996
284.959991
299.019989
298.329987
299.100006
299.679993
300.989990
309.579987
307.519989
264.769989
310.700012
301.019989
294.799988
281.829987
261.950012
250.559998
262.799988
256.880005
252.229996
258.779999
259.589996
276.589996
271.779999
263.910004
260.000000
260.950012
294.140015
288.500000
314.859985
330.899994
334.850006
329.899994
337.320007
344.279999
346.410004
341.399994
341.059998
348.160004
351.399994
350.510010
331.279999
338.730011
344.000000
348.440002
354.309998
353.470001
347.489990
338.190002
325.829987
346.000000
343.920013
347.869995
341.170013
350.480011
358.489990
359.700012
363.059998
357.970001
365.149994
366.760010
366.600006
376.790009
365.709991
348.420013
337.029999
332.970001
315.380005
319.769989
295.390015
326.089996
316.130005
333.869995
332.799988