5.240000
5.150000
5.120000
5.230000
5.220000
5.080000
5.090000
5.250000
5.110000
5.030000
5.160000
5.110000
5.570000
5.490000
5.570000
5.480000
5.540000
5.580000
5.570000
5.380000
5.290000
5.310000
5.310000
5.100000
5.170000
5.130000
5.050000
5.020000
5.140000
5.200000
4.710000
4.570000
4.510000
4.280000
4.290000
4.190000
4.420000
4.340000
4.310000
4.280000
4.220000
4.270000
4.490000
4.630000
4.610000
4.570000
4.500000
4.660000
4.630000
4.550000
4.550000
4.600000
4.410000
4.450000
4.580000
4.600000
4.300000
4.450000
4.440000
4.310000
4.340000
4.250000
4.260000
4.330000
4.410000
4.370000
4.200000
4.370000
4.350000
4.430000
4.530000
4.680000
4.850000
4.830000
4.760000
4.640000
4.700000
4.690000
4.660000
4.720000
4.690000
4.640000
4.610000
4.610000
4.510000
4.710000
4.860000
4.840000
4.880000
5.180000
5.200000
5.090000
4.870000
4.920000
4.900000
4.840000
4.800000
4.620000
4.640000
4.670000
4.640000
4.720000
4.790000
4.810000
4.760000
4.800000
4.660000
4.600000
4.650000
4.690000
4.540000
4.560000
4.520000
4.620000
4.680000
4.750000
4.680000
4.720000
4.450000
4.500000
4.430000
4.370000
4.230000
4.180000
4.300000
4.310000
4.260000
4.380000
4.360000
4.830000
4.790000
4.850000
4.800000
4.670000
4.700000
4.640000
4.720000
4.750000
4.700000
4.670000
4.790000
5.270000
5.250000
4.840000
4.810000
4.680000
4.610000
4.740000
4.860000
4.580000
4.460000
4.420000
4.460000
4.350000
4.550000
4.710000
4.630000
4.520000
4.410000
4.430000
4.520000
4.600000
4.520000
4.540000
4.460000
4.480000
4.420000
4.300000
4.270000
4.220000
4.170000
3.970000
4.020000
3.920000
3.880000
3.830000
3.820000
4.000000
3.920000
3.910000
3.970000
3.920000
3.900000
3.770000
3.700000
3.680000
3.710000
3.770000
3.870000
3.810000
3.820000
3.800000
3.760000
3.790000
3.590000
3.310000
3.520000
3.480000
3.510000
3.600000
3.570000
3.520000
3.220000
3.250000
3.240000
3.170000
3.280000
3.160000
3.090000
3.250000
3.270000
3.400000
3.360000
3.270000
3.260000
2.920000
3.000000
2.960000
2.930000
2.990000
2.930000
2.850000
3.020000
2.940000
2.930000
2.980000
2.970000
3.050000
3.050000
3.180000
3.110000
3.070000
3.120000
3.150000
3.080000
3.100000
3.070000
3.060000
3.270000
3.110000
3.140000
3.020000
3.090000
3.020000
2.990000
2.900000
2.870000
3.140000
3.150000
3.200000
3.200000